-25.4367623 -49.259514  1
-25.4007554 -49.2395827 1

-25.4007554 -49.2395827 2
-25.4521997 -49.2176676 2

-25.4521997 -49.2176676 3
-25.4974949 -49.2274042 3

-25.4974949 -49.2274042 4
-25.478728 -49.272733 4

-25.478728 -49.272733 5
-25.5376104 -49.2732949 5 

-25.5376104 -49.2732949 6
-25.5662576 -49.3334734 6

-25.5662576 -49.3334734 7
-25.480256  -49.3367166 7

-25.480256  -49.3367166 8
-25.4618567 -49.3166798 8

-25.4618567 -49.3166798 9
-25.4136072 -49.3014023 9

-25.4136072 -49.3014023 10
-25.4265126 -49.277232  10

-25.4265126 -49.277232 11
-25.4367623 -49.259514 11
